# oST version 5.0 parameters


[image]

width
640

height
488

[narrow_stereo]

camera matrix
603.564410 0.000000 328.127350
0.000000 603.848867 215.757043
0.000000 0.000000 1.000000

distortion
-0.062653 0.251440 -0.016082 0.004569 0.000000

rectification
1.000000 0.000000 0.000000
0.000000 1.000000 0.000000
0.000000 0.000000 1.000000

projection
618.041077 0.000000 329.961351 0.000000
0.000000 614.712341 210.379247 0.000000
0.000000 0.000000 1.000000 0.000000

