image_width: 640
image_height: 480
camera_name: narrow_stereo
camera_matrix:
  rows: 3
  cols: 3
  data: [538.507600, 0.000000, 290.321801, 0.000000, 537.278014, 217.761558, 0.000000, 0.000000, 1.000000]
distortion_model: plumb_bob
distortion_coefficients:
  rows: 1
  cols: 5
  data: [0.008532, -0.024620, -0.008821, -0.014617, 0.000000]
rectification_matrix:
  rows: 3
  cols: 3
  data: [1.000000, 0.000000, 0.000000, 0.000000, 1.000000, 0.000000, 0.000000, 0.000000, 1.000000]
projection_matrix:
  rows: 3
  cols: 4
  data: [537.151021, 0.000000, 280.489324, 0.000000, 0.000000, 541.970098, 213.495143, 0.000000, 0.000000, 0.000000, 1.000000, 0.000000]
