# oST version 5.0 parameters


[image]

width
640

height
480

[narrow_stereo]

camera matrix
538.507600 0.000000 290.321801
0.000000 537.278014 217.761558
0.000000 0.000000 1.000000

distortion
0.008532 -0.024620 -0.008821 -0.014617 0.000000

rectification
1.000000 0.000000 0.000000
0.000000 1.000000 0.000000
0.000000 0.000000 1.000000

projection
537.151021 0.000000 280.489324 0.000000
0.000000 541.970098 213.495143 0.000000
0.000000 0.000000 1.000000 0.000000

